THOUSANDISLAND	H	2	
THOUSANDISLANDS	HS	2	
THOUSANDMETERS	H	1	
THOUSANDS	S	4	
THOUSANDSKILLED	H	0	
THOUSANDTH	-	2	
THOUSANDTHS	S	2	
THOUSANDTOCATO	H	0	
THOUSANDTWO	H	0	
THOUSESUITE	H	0	
THOUSHALTNOT	H	1	
THP	A	0	
THPHNTM	A	0	
THPNTRSSTRS	A	0	
THPP	A	0	
THPRAISE	H	0	
THPSSBLTSRNDLSS	A	0	
THR	A	1	
THRA	T	0	
THRACE	L	1	
THRACIAN	LP	2	
THRACIANS	LPS	2	
THRAD	-	2	
THRADBAR	H	1	
THRALL	-	4	
THRALLDOM	-	3	
THRALLS	S	3	
THRASH	-	4	
THRASHCAN	H	2	
THRASHCORE	H	1	
THRASHED	S	3	
THRASHEE	C	1	
THRASHER	C	2	
THRASHES	S	3	
THRASHMETAL	H	2	
THRASHTALK	H	2	
THRASHTALKING	HS	2	
THRE	T	0	
THREAD	-	4	
THREADBARE	-	4	
THREADBEAR	C	1	
THREADCOUNT	H	2	
THREADED	S	3	
THREADER	C	2	
THREADERS	CS	2	
THREADING	S	3	
THREADJACKER	H	1	
THREADKIT	H	0	
THREADLIGHTLY	H	1	
THREADLIPS	H	1	
THREADMILL	H	0	
THREADOFAPLOT	H	1	
THREADOFCOUNTS	H	0	
THREADPLANET	H	0	
THREADS	S	3	
THREADSONESWAY	H	1	
THREADTHENEEDLE	H	1	
THREADWATER	H	1	
THREADY	-	3	
THREAT	-	4	
THREATEN	-	4	
THREATENED	S	3	
THREATENING	S	3	
THREATENS	S	3	
THREATLEVEL	H	2	
THREATOFWAR	H	1	
THREATS	S	3	
THREAXED	-	0	
THREE	-	4	
THREEACES	H	1	
THREEAGESYSTEM	H	0	
THREEALARM	H	2	
THREEALARMCHILI	H	2	
THREEAM	H	2	
THREEAMIGOS	H	3	
THREEANDONE	H	2	
THREEANDOUT	H	2	
THREEANDSIX	H	1	
THREEANGRYMEN	H	2	
THREEAPENNY	H	1	
THREEBAGGER	H	2	
THREEBALLS	H	1	
THREEBEAN	H	2	
THREEBEANSALAD	H	2	
THREEBEARS	H	3	
THREEBET	H	1	
THREEBLADERAZOR	H	1	
THREEBLINDMICE	H	3	
THREEBODY	H	1	
THREEBOXERNIGHT	H	0	
THREEBS	H	1	
THREEBSSHEBEES	H	0	
THREEBUCKOPERA	H	1	
THREEBULB	H	1	
THREEBYFIVECARD	H	1	
THREECABALLEROS	H	3	
THREECAMPBEDS	H	1	
THREECAR	H	2	
THREECARD	H	2	
THREECARDMONTE	H	2	
THREECARGARAGE	H	2	
THREECARGARAGES	HS	2	
THREECARROT	H	1	
THREECATS	H	1	
THREECENTPIECES	H	1	
THREECENTSWORTH	H	1	
THREECHECKERS	H	0	
THREECHEERIOS	H	0	
THREECHEERS	H	2	
THREECHIPS	H	1	
THREECOMMACLUB	H	1	
THREECOURSEMEAL	H	2	
THREECOURSEMILL	H	0	
THREECUBEDTWICE	H	0	
THREECURSEMEAL	H	0	
THREED	G	1	
THREEDAY	H	2	
THREEDAYCRUISES	H	1	
THREEDAYFAST	H	1	
THREEDAYGROWTH	H	1	
THREEDAYS	H	2	
THREEDAYSAWEEK	H	1	
THREEDAYWEEKEND	H	1	
THREEDDAY	H	1	
THREEDGLASSES	H	1	
THREEDIGIT	H	2	
THREEDIGITPRIME	H	1	
THREEDIMES	H	1	
THREEDMOVIE	H	1	
THREEDMOVIES	HS	1	
THREEDNILBMICE	H	0	
THREEDOG	H	1	
THREEDOGNIGHT	H	3	
THREEDOGNIT	H	1	
THREEDOLLARBILL	H	2	
THREEDOWN	H	1	
THREEDOWNISTRUE	H	0	
THREEDOZEN	H	1	
THREEEELS	H	1	
THREEEGG	H	1	
THREEEGGOMELET	H	2	
THREEEGGOMELETS	HS	2	
THREEEIGHTHS	H	1	
THREEELECTRONS	H	1	
THREEES	S	1	
THREEETUDES	H	1	
THREEFACESOFEVE	H	2	
THREEFACESTSEW	H	0	
THREEFEET	H	2	
THREEFEETDEEP	H	2	
